20
2 2 2
1 1
2 2
7 7 11
1 2
1 7
2 2
2 3
2 5
3 4
4 2
4 5
4 6
5 3
6 5
8 3 3
5 3
2 2
7 1
31 14 3
18 9
19 7
2 2
74 19 8
12 6
53 19
1 14
3 13
17 12
58 9
10 1
15 15
16 95 9
4 14
12 72
8 8
16 81
14 78
13 71
4 35
6 4
10 78
40 27 2
18 6
15 7
56 75 5
56 74
23 41
26 34
19 23
5 5
3 12 5
1 5
1 12
1 10
2 7
2 8
4 30 7
1 13
3 19
3 20
3 9
1 16
4 25
2 17
84 41 3
5 17
21 17
83 21
25 16 5
7 1
13 14
11 8
16 2
24 13
42 35 4
12 13
35 23
1 25
5 6
28 67 8
27 50
15 6
11 23
17 24
14 66
25 40
11 15
11 6
14 97 2
12 60
5 40
5 48 6
3 31
3 23
2 31
3 47
2 34
1 42
36 91 7
26 43
20 65
11 9
2 29
14 85
29 18
1 90
56 78 2
5 1
1 4
999 999 500
50 8
4 24
34 92
17 16
999 51
62 4
35 33
60 52
21 52
82 27
49 74
89 61
13 68
27 48
99 24
123 989
75 54
72 60
98 74
5 17
11 60
43 94
52 33
50 13
68 50
14 85
980 990
78 75
81 86
25 1
73 44
77 45
75 30
14 99
87 80
65 50
72 38
26 40
45 43
70 7
56 7
65 46
17 92
95 73
55 97
1 36
98 73
54 58
16 70
79 100
85 89
32 91
73 36
77 76
25 11
8 23
4 91
50 70
44 72
3 55
75 40
41 63
51 9
46 32
9 75
83 89
5 42
96 28
19 83
72 93
96 44
99 1
17 41
23 82
11 80
51 69
90 32
3 63
3 66
31 48
11 92
82 21
18 30
63 69
68 78
85 55
95 39
72 66
1 73
6 36
40 7
39 11
59 61
49 45
50 88
15 39
21 6
99 20
61 42
30 35
19 30
30 86
17 15
39 52
50 12
91 54
46 34
55 93
22 86
7 83
21 40
16 79
87 80
96 74
60 86
40 28
17 90
57 78
18 84
96 49
32 54
76 58
5 64
7 12
28 79
15 55
35 81
10 34
97 76
3 3
41 97
99 1
16 47
48 91
19 52
63 23
57 34
24 2
90 62
54 10
40 49
40 100
76 56
27 10
88 39
53 60
24 64
57 91
51 96
60 45
31 73
44 28
19 1
70 37
100 79
77 12
62 16
89 89
89 5
46 69
39 16
49 63
87 70
23 12
67 10
84 33
30 67
94 95
85 71
87 47
63 60
44 63
47 68
7 64
45 23
2 18
43 27
33 61
40 20
89 98
22 1
18 73
53 39
62 76
4 35
83 83
68 5
7 17
21 3
6 60
44 95
48 81
34 6
79 7
87 9
3 31
15 20
56 18
31 56
8 98
99 29
2 27
66 73
6 48
31 64
2 13
82 64
92 62
94 86
68 47
58 26
97 77
94 28
99 57
88 40
84 79
42 26
92 94
1 77
100 79
90 29
14 59
16 31
61 52
83 14
48 62
79 15
22 78
52 56
55 72
80 100
94 14
13 74
36 64
50 92
3 77
64 50
100 66
65 56
69 53
71 40
39 1
74 75
87 32
88 81
28 81
56 42
93 15
73 28
55 49
12 47
13 100
60 25
82 34
74 18
82 53
40 56
29 39
21 98
48 18
86 82
62 67
59 94
26 74
93 17
41 62
83 30
83 47
67 19
57 59
50 89
85 18
18 95
77 55
34 70
53 92
3 48
72 77
62 72
21 36
22 76
86 13
23 52
17 70
47 42
56 10
29 2
86 1
7 97
44 27
16 60
34 66
10 11
39 25
96 51
62 91
55 18
54 43
17 13
74 69
78 78
17 13
43 41
77 66
93 9
31 30
4 3
6 96
55 70
19 26
57 63
17 48
28 59
76 96
80 42
32 60
48 51
74 65
85 85
38 65
3 20
67 72
89 49
11 22
66 6
100 56
1 33
41 63
61 58
57 13
21 19
57 39
19 24
37 95
6 35
64 59
10 25
63 25
63 78
71 68
80 2
42 27
81 73
12 9
15 11
69 64
11 87
66 54
73 33
16 29
22 51
12 30
65 25
22 29
42 27
31 70
12 83
72 15
72 86
56 72
29 96
88 59
46 75
63 1
62 95
92 93
10 47
50 72
28 64
23 56
75 88
22 85
27 48
91 96
50 37
22 58
55 54
26 64
54 6
39 25
20 26
16 77
41 66
38 31
43 93
79 10
1 44
30 11
60 70
35 10
52 41
45 49
90 44
99 85
92 25
4 20
25 21
74 7
47 2
88 33
59 68
74 59
56 4
21 69
95 64
8 97
73 43
79 15
72 92
58 57
7 36
56 60
69 13
24 6
89 80
95 53
75 22
96 39
37 31
56 92
64 15
18 97
37 42
66 7
92 98
24 48
11 30
12 39
82 9
91 94
58 43
13 50
63 95
32 51
35 82
43 62
4 55
44 15
33 63
67 88
75 75
89 57
45 59
40 63
14 94
7 58
2 60
44 98
12 98
44 93
38 36
46 13
2 51
68 17
39 86
94 76
99 70
49 18
40 33
31 54
88 87
36 20
2 26
45 52
85 52
94 99
27 30
49 91
86 12
72 45
34 18
83 66
83 9
67 94
60 81
63 18
5 21
81 63
61 90
27 84
58 85
15 31
45 92
51 58
33 21
45 61
19 19
86 6
28 21
77 17
62 62
62 78
12 32
48 39
51 95
88 82
20 64
75 87
28 5
77 61
999 999 1000
471 227
299 362
239 266
417 156
346 168
54 382
207 388
482 312
27 284
39 437
75 127
999 999
288 400
83 58
486 332
472 244
487 261
104 81
278 407
497 467
252 251
211 317
69 18
219 209
386 82
397 23
322 155
148 227
254 49
174 80
81 341
118 435
448 329
84 40
235 312
198 242
132 402
345 983
403 216
130 259
294 183
201 328
394 459
469 487
318 217
445 220
124 52
111 447
465 244
43 289
156 260
458 66
330 262
300 366
49 1
895 234
286 406
392 204
419 214
434 428
133 331
273 481
418 296
17 490
231 298
253 213
251 92
70 5
12 983
483 489
77 411
124 171
211 408
342 67
454 389
199 304
394 257
74 199
499 126
25 255
212 386
257 29
424 136
482 273
422 492
280 372
185 46
84 380
424 325
231 432
482 475
236 357
109 199
428 78
260 349
834 2
494 277
68 51
469 11
493 369
332 74
57 100
32 227
434 171
165 396
438 149
147 220
136 273
295 306
455 154
92 102
127 155
133 451
202 161
184 129
489 436
783 908
383 126
439 102
278 240
146 2
81 397
326 398
380 494
350 62
242 27
279 9
428 414
67 222
179 337
220 159
276 140
229 171
133 465
421 270
71 231
196 466
82 457
17 339
69 335
417 430
418 397
69 449
211 447
478 353
487 393
194 25
479 56
69 42
153 500
422 428
426 272
186 449
30 439
187 95
384 168
213 478
311 296
335 398
497 186
394 474
117 471
417 210
378 244
300 22
253 181
314 28
3 207
497 54
285 20
457 279
400 9
272 416
485 88
180 249
424 315
117 394
298 317
93 455
337 248
225 407
19 287
398 240
154 60
124 26
211 476
149 259
76 358
169 125
7 237
369 26
484 270
301 24
494 238
390 487
107 24
192 132
269 197
133 335
47 339
339 248
407 184
10 194
187 431
24 364
451 40
92 204
291 132
337 221
209 410
369 131
329 12
130 310
327 125
443 299
469 233
226 246
442 82
217 500
434 392
38 295
123 355
471 320
75 463
234 480
379 73
321 163
459 368
242 156
219 346
413 449
366 448
146 217
424 211
336 119
101 389
454 490
336 412
54 129
457 44
7 402
211 31
163 454
341 464
44 99
239 272
54 52
496 105
74 3
161 444
438 280
92 250
292 430
334 269
83 252
141 372
252 298
383 224
274 60
207 120
96 134
189 343
74 204
276 309
458 316
465 484
480 474
199 20
189 199
205 284
464 493
219 158
377 317
109 388
462 402
141 105
307 470
103 136
110 27
205 111
131 43
419 134
316 211
29 493
20 92
432 448
29 251
135 293
335 87
38 127
195 120
346 437
92 454
486 21
189 127
209 10
431 213
273 264
65 27
115 378
277 474
40 316
72 379
220 155
353 35
126 341
138 377
111 318
448 39
345 471
71 404
258 492
13 494
117 341
435 483
342 368
193 188
289 10
283 288
160 335
7 70
492 67
382 130
416 394
145 121
194 58
409 283
481 256
106 229
208 165
135 163
175 333
346 415
443 285
45 451
257 372
418 203
333 367
215 359
21 67
305 235
47 187
318 211
358 450
220 134
342 367
264 210
9 435
363 278
234 461
171 59
168 24
17 355
278 175
50 66
377 183
56 58
353 56
306 430
25 437
406 66
14 449
118 453
283 441
177 274
398 154
400 329
204 494
244 353
457 21
298 246
22 4
140 405
368 39
77 165
166 31
333 325
494 438
153 83
128 174
38 307
406 384
400 268
495 238
388 166
6 271
495 449
74 77
275 269
84 230
264 170
156 27
140 314
52 231
290 281
493 104
201 188
235 199
267 445
359 356
48 402
67 83
141 252
346 362
61 13
425 167
194 257
421 402
315 78
161 322
73 482
214 182
271 334
97 283
26 112
129 236
100 344
478 487
397 486
198 34
104 178
122 413
124 494
307 114
426 372
297 40
44 183
479 308
394 104
208 116
396 116
365 411
1 416
121 110
386 276
146 255
326 408
376 363
201 204
478 340
50 289
475 9
373 100
95 402
32 499
484 11
26 62
407 163
214 148
74 376
357 1
57 364
458 22
123 283
269 235
24 436
342 97
145 222
423 44
260 260
189 426
380 182
222 77
251 457
319 9
458 76
21 66
188 185
45 17
35 500
404 264
348 11
2 203
257 269
255 48
20 430
179 398
321 338
222 46
280 277
173 382
324 336
18 398
379 491
406 224
324 442
39 419
9 351
43 423
304 307
87 167
276 444
96 371
3 324
226 376
195 484
442 17
34 111
416 486
358 268
209 188
365 369
69 387
152 229
20 447
210 325
69 18
84 246
148 440
54 83
325 36
352 456
73 306
378 421
480 270
473 221
130 56
111 105
318 113
77 98
69 404
403 410
313 472
315 33
281 73
410 354
74 481
191 23
87 318
189 155
97 285
424 2
426 385
446 342
307 100
400 393
335 301
350 481
54 390
267 179
25 184
206 15
156 461
76 228
322 261
499 263
155 56
298 248
432 406
258 337
447 341
392 497
77 11
185 292
260 192
50 45
488 18
84 201
248 477
418 294
389 482
380 66
167 362
268 273
225 456
439 444
346 351
447 48
63 125
114 194
291 89
433 440
52 306
418 219
424 327
54 467
248 470
335 412
376 276
162 379
227 47
116 352
309 171
39 325
374 65
10 335
204 281
36 386
147 74
357 407
184 295
405 134
136 388
178 54
150 429
160 44
444 98
155 314
298 401
33 359
168 431
53 498
250 493
63 125
48 98
16 468
222 492
8 435
332 41
419 38
322 174
293 270
352 134
458 216
476 128
413 400
116 232
122 33
73 241
409 344
40 491
481 402
128 287
26 458
196 104
307 246
151 387
215 468
77 390
326 244
392 196
50 143
499 348
103 351
13 64
19 446
218 273
374 345
221 268
6 275
365 430
362 156
57 271
232 33
221 439
403 412
100 279
366 232
343 102
382 1
375 491
494 285
26 371
288 229
214 118
347 370
322 278
339 82
425 483
237 275
500 64
496 106
7 34
239 27
287 155
316 325
87 378
283 232
416 353
51 354
281 277
302 479
59 282
464 434
30 6
474 289
404 118
223 4
254 380
330 141
479 111
33 268
39 68
461 35
153 197
495 317
224 406
243 54
149 211
231 422
344 81
75 351
471 433
130 424
371 59
223 96
148 212
128 106
285 429
451 462
348 284
456 348
343 261
198 227
475 15
373 157
35 471
59 149
316 176
38 209
356 303
85 133
65 77
435 216
72 354
332 461
85 373
469 476
293 85
10 79
197 50
90 243
432 197
263 159
332 460
3 339
97 101
242 244
47 32
56 268
345 27
269 464
333 126
111 62
230 147
181 476
55 275
354 224
290 70
447 269
258 268
352 358
176 269
332 66
256 474
332 71
170 155
46 351
335 347
426 100
202 239
61 163
334 95
104 404
294 195
187 83
110 493
347 142
143 74
420 253
98 242
71 230
349 167
67 219
111 285
194 384
418 176
355 137
397 18
286 187
90 396
215 458
180 166
286 399
438 113
154 411
93 84
85 216
74 355
124 110
30 24
467 36
317 66
155 108
349 263
346 345
453 56
115 392
377 496
206 437
159 5
266 322
267 354
189 332
268 193
360 285
3 323
496 14
463 6
404 238
409 118
469 446
116 352
322 406
384 26
379 164
140 359
447 256
230 114
437 180
479 488
272 489
486 119
307 409
421 384
436 134
341 317
306 426
13 447
161 433
430 281
45 285
373 74
403 464
401 264
115 495
451 66
245 412
480 183
158 109
342 379
433 387
453 265
283 286
199 30
76 155
285 121
215 102
240 343
296 110
245 149
248 77
393 476
12 428
332 500
314 65
146 160
468 39
98 208
290 124
230 80
363 206
339 81
406 288
127 346
71 109
1 217
131 290
136 361
432 427
130 157
238 367
377 454
429 113
207 334
492 374
286 334
205 165
220 338
335 312
273 54
364 59
25 359
262 133
476 354
248 447
78 419
436 398
276 478
128 45
488 203
21 298
244 88
104 95
366 207
256 8
419 463
394 39
413 339
407 173
137 74
55 275
157 190
378 410
10 239
460 291
230 282
245 494
408 357
250 242
335 449
125 10
428 95
235 345
110 331
340 35
272 238
302 182
158 245
41 220
444 270
443 219
264 215
72 388
276 485
152 65
155 159
404 317
360 491
113 185
103 144
31 448
193 281
93 86
418 305
137 242
333 127
479 449
234 483
341 278
278 38
438 44
200 110
55 492
471 222
341 56
425 1
225 240
174 200
348 154
315 461
114 457
165 121
93 13
329 46
165 23
1 137
124 267
160 482
279 469
178 110
351 96
186 260
401 303
153 479
142 38
348 214
156 213
52 125
125 196
47 163
393 315
462 165
77 378
266 94
280 243
92 271
231 198
9 457
45 130
225 125
405 34
482 435
218 423
71 498
70 228
435 75
374 409
372 24
54 433
27 407
462 142
253 78
384 434
127 465
339 311
218 206
183 226
35 441
225 61
493 125
314 58
114 161
431 199
139 178
395 204
298 288
37 326
94 231
335 93
